0,487
1,224
1,447
2,642
3,73
3,862
4,26
5,370
5,783
8,729
10,556
10,358
11,886
12,800
14,622
18,967
18,489
19,35
22,274
23,866
25,110
25,761
28,753
31,621
36,696
37,139
37,601
38,818
38,36
39,955
39,808
41,260
41,730
43,456
44,746
44,724
45,369
45,591
46,471
47,726
47,937
50,830
52,795
54,259
55,581
57,173
57,947
59,727
59,496
63,667
63,362
65,688
66,248
66,60
67,471
67,289
70,938
73,90
73,170
74,181
74,215
75,443
76,113
76,885
77,580
77,532
78,781
78,643
79,945
80,307
82,813
83,951
84,285
91,221
91,568
94,721
95,738
96,746
100,886
104,746
104,724
106,937
107,639
107,93
108,541
109,112
111,100
111,789
112,538
112,328
113,249
113,896
114,451
115,512
115,703
120,746
122,171
122,684
130,540
132,881
132,24
133,40
134,888
134,456
135,404
135,187
136,146
137,678
138,961
138,689
141,745
142,267
143,45
143,699
144,279
145,101
149,434
150,918
152,512
152,703
155,203
156,296
160,614
163,809
166,677
166,519
167,621
168,653
171,429
172,394
175,262
175,398
176,13
176,582
178,517
180,830
182,888
184,937
185,6
185,346
187,224
191,613
191,579
194,786
195,935
196,29
196,685
197,509
199,622
200,639
200,93
201,262
202,281
203,282
203,942
206,758
207,627
208,179
208,33
210,12
211,95
214,430
214,653
216,659
217,245
219,843
219,505
221,6
222,192
224,802
224,26
225,46
228,60
231,45
231,699
232,685
233,659
234,369
237,100
238,996
239,249
244,124
245,53
246,675
246,40
247,967
247,489
250,124
251,93
252,474
252,329
254,110
254,761
255,901
257,726
257,937
258,112
261,380
262,922
264,496
266,456
267,469
268,818
268,36
269,349
273,191
274,517
274,322
276,36
280,693
282,726
283,866
283,851
284,274
286,982
286,506
289,934
291,993
293,633
295,729
297,532
298,989
298,422
299,945
300,380
303,173
304,653
305,368
306,822
307,538
307,328
310,656
311,649
311,436
312,613
313,232
313,458
314,664
316,901
316,253
317,46
317,416
318,795
318,657
319,512
319,703
320,685
327,955
327,808
328,622
330,110
330,761
331,253
332,514
332,933
333,469
334,370
334,783
335,590
335,642
336,212
336,858
337,404
341,220
342,30
342,541
343,789
344,282
347,570
349,369
350,782
351,881
351,24
352,40
355,315
357,259
359,914
361,622
364,675
366,830
367,660
368,172
369,3
370,800
371,434
372,996
372,287
373,765
374,53
375,151
376,753
377,810
378,677
378,519
379,945
381,158
382,556
382,358
383,959
383,738
384,746
384,724
385,514
385,933
387,383
387,172
388,794
390,626
391,726
392,161
393,862
396,959
396,738
400,191
403,537
404,198
405,730
408,652
409,3
409,360
410,232
411,93
414,627
415,35
415,688
417,451
417,786
418,639
419,951
420,934
421,517
424,719
425,981
428,568
430,739
431,118
433,826
435,287
437,982
437,506
438,729
441,940
445,218
446,914
448,46
449,6
450,993
450,656
451,140
451,920
453,229
454,631
459,92
460,791
460,752
461,978
461,695
463,556
465,100
465,789
467,288
467,99
468,370
468,783
470,369
470,591
471,664
472,447
473,626
476,110
476,761
477,370
477,349
478,53
479,579
480,782
482,512
484,181
484,215
485,369
485,591
487,451
488,592
488,745
490,306
492,403
493,402
494,89
495,942
497,485
497,345
498,80
498,838
499,440
499,633
502,157
505,594
507,35
508,29
508,685
511,294
513,168
513,943
514,813
515,147
516,934
516,285
517,92
519,179
519,33
520,643
521,945
521,296
523,881
524,993
526,173
526,947
528,782
531,649
532,629
534,307
539,451
539,786
542,179
544,471
545,896
547,45
547,699
548,29
550,885
553,434
553,89
554,12
555,171
555,684
557,378
559,147
560,959
562,541
564,438
565,659
565,192
567,734
569,678
571,796
573,271
574,450
576,315
577,230
578,409
579,437
579,486
581,282
581,942
582,826
585,324
586,693
586,267
588,997
589,139
593,639
597,583
599,621
600,380
603,15
604,289
605,34
605,177
610,274
612,230
613,449
615,203
616,996
617,279
618,818
619,464
620,260
620,730
622,471
623,215
624,639
624,93
625,70
625,546
629,626
630,451
630,786
632,384
632,427
633,517
633,322
635,934
635,285
636,580
636,532
637,983
638,289
641,30
641,541
644,12
646,147
647,153
647,924
649,29
650,92
651,993
653,738
655,434
655,89
656,124
659,664
661,218
663,198
663,972
664,98
665,538
666,451
666,786
668,29
669,509
670,101
673,100
673,789
674,329
675,761
676,802
676,26
677,820
677,614
678,382
679,370
679,783
681,536
682,789
684,971
685,872
686,21
690,349
691,955
692,818
693,491
693,981
694,961
694,689
695,108
696,404
697,581
697,776
698,95
698,647
700,781
701,148
702,517
702,322
704,173
706,402
707,89
708,918
708,809
710,667
710,362
711,214
712,489
714,810
714,165
715,677
716,693
716,267
717,945
717,296
718,514
718,380
720,517
720,322
722,281
722,382
723,726
725,933
731,496
732,729
733,808
737,888
737,456
739,880
739,240
740,693
742,232
742,458
745,820
746,761
747,918
747,809
748,866
749,822
750,328
751,3
751,360
753,232
754,536
755,313
755,104
757,512
759,444
760,888
760,456
762,436
763,514
764,590
766,193
766,109
768,489
769,29
769,685
770,282
771,993
772,511
774,118
775,70
775,546
779,253
781,734
784,271
784,914
787,224
790,141
791,101
793,416
794,575
795,752
797,358
798,360
799,967
799,489
801,110
801,761
803,379
806,606
806,744
807,474
807,329
808,595
809,978
809,695
810,530
812,621
814,148
815,613
816,413
817,794
817,15
819,206
821,606
821,744
823,456
825,6
826,824
826,53
827,592
828,404
828,187
829,260
829,730
830,2
831,796
831,54
833,967
833,489
834,92
834,438
836,640
836,424
837,440
837,633
841,93
842,550
842,205
844,982
846,643
847,61
849,824
849,53
852,147
853,285
855,580
856,173
856,947
857,430
857,653
860,27
861,943
863,221
863,568
865,362
867,165
869,537
874,993
875,416
876,791
876,752
877,230
878,556
878,358
881,901
883,551
884,100
884,789
887,482
887,324
888,249
889,362
890,104
891,668
891,997
892,370
893,726
894,474
894,329
895,967
895,489
896,200
897,551
899,536
899,91
900,101
900,315
902,110
904,379
904,151
905,996
905,287
906,675
906,40
907,241
907,602
908,982
909,61
909,279
910,818
910,36
912,482
913,881
913,24
915,450
916,101
918,922
919,579
923,61
923,279
924,730
927,583
928,668
929,191
929,830
931,169
935,773
936,519
937,92
937,438
944,73
946,482
947,680
947,509
948,643
949,945
949,296
950,514
951,230
951,301
953,30
953,541
954,456
955,434
956,538
957,232
957,535
959,705
960,649
960,436
961,613
962,918
962,809
963,68
963,822
964,193
966,232
966,458
967,680
967,509
968,181
968,215
969,639
969,93
970,70
970,546
973,926
975,398
976,552
976,773
977,403
979,686
984,471
985,95
986,541
987,221
987,568
990,12
990,118
991,813
991,157
992,215
993,514
995,843
