0,487
1,224
3,73
3,862
4,26
7,301
8,729
9,308
9,409
10,556
11,664
14,622
14,450
17,512
17,703
19,688
22,713
23,866
28,621
29,654
29,442
31,753
31,621
32,191
36,696
36,48
37,139
38,36
39,808
41,260
43,888
44,746
47,726
48,487
48,570
50,191
51,230
52,795
53,606
53,744
54,21
55,581
55,776
56,253
57,173
57,947
58,605
58,214
59,727
59,496
63,667
66,60
67,471
67,289
69,993
70,719
70,938
73,90
77,580
78,781
78,643
79,296
80,307
80,530
85,362
86,173
94,721
94,940
96,746
100,664
100,886
101,575
102,232
102,458
103,795
104,724
105,967
108,30
108,541
109,112
110,475
110,800
112,328
114,786
115,703
116,29
119,933
121,158
122,171
122,684
123,370
123,783
128,198
129,301
130,245
131,118
132,881
132,24
134,888
134,456
135,187
136,146
137,982
137,678
138,961
138,689
139,579
141,592
141,745
144,61
148,406
148,510
149,434
150,918
152,512
153,818
153,36
154,937
155,203
155,130
156,945
156,296
159,12
159,118
160,820
160,614
162,514
162,933
163,918
163,809
164,996
164,287
166,677
166,519
167,753
168,653
172,394
173,271
173,914
175,262
176,13
176,582
181,68
182,456
184,937
187,447
188,260
189,92
190,3
190,360
191,613
191,579
195,607
199,450
200,639
200,93
201,262
201,398
202,281
203,942
206,551
207,627
208,179
210,12
211,95
213,901
213,253
214,430
216,659
218,626
222,192
223,849
223,413
225,416
226,752
227,230
227,301
228,248
228,60
231,45
231,699
232,29
237,100
237,789
238,287
241,888
241,456
242,668
242,997
243,783
244,124
245,53
246,40
249,791
252,474
254,761
256,689
257,937
259,959
259,738
260,955
261,514
261,380
262,922
264,727
265,579
266,888
267,469
268,818
268,36
269,349
272,639
272,93
273,191
273,830
274,322
275,696
275,48
276,36
278,187
280,693
280,267
282,726
282,937
283,866
283,851
289,934
291,993
292,80
293,633
294,372
294,19
295,389
297,580
297,532
298,989
299,945
299,296
300,380
303,173
304,430
304,653
305,338
307,538
307,328
310,993
310,656
311,649
312,613
312,579
314,664
314,886
316,901
316,253
317,416
318,795
318,657
319,512
319,703
320,685
321,967
322,677
323,639
323,93
325,232
325,458
328,622
331,901
333,469
333,583
334,783
337,404
337,187
339,583
340,153
341,220
342,30
343,100
344,282
348,922
349,369
350,62
351,881
351,24
352,675
352,40
353,240
356,389
357,21
359,914
361,622
361,450
363,141
364,40
365,183
366,191
366,830
367,660
367,561
368,383
369,3
370,800
372,996
373,112
374,53
375,379
375,151
378,677
379,945
381,158
383,959
384,724
385,514
386,820
386,614
387,172
388,15
390,626
392,211
392,161
396,738
397,423
399,491
399,981
400,191
403,537
404,198
405,260
405,730
407,606
408,652
409,3
411,639
412,113
414,437
414,627
415,35
417,786
418,639
418,93
419,147
420,285
421,517
424,719
426,281
426,382
431,12
432,324
433,646
433,826
434,61
435,287
437,982
438,389
439,656
441,721
441,940
444,373
446,271
448,416
450,656
452,792
452,686
453,229
454,631
457,485
457,345
459,92
460,752
461,978
461,695
464,469
464,583
465,100
467,288
467,99
468,783
471,886
473,401
476,110
477,349
478,53
479,613
480,62
481,776
482,512
482,703
483,580
483,532
484,215
485,369
485,591
488,592
492,403
493,402
494,434
495,282
497,485
500,382
501,746
503,113
504,3
508,29
511,985
512,729
515,951
517,438
519,179
520,781
520,643
521,945
521,296
522,979
522,27
523,881
523,24
524,993
525,221
528,782
529,822
531,436
532,229
532,629
533,993
534,307
539,786
542,33
544,471
547,45
549,993
550,885
553,434
553,89
558,253
561,395
562,30
565,659
566,198
566,972
567,734
569,982
569,678
571,54
572,881
572,24
573,271
573,914
576,315
578,409
579,437
579,486
581,282
581,942
582,826
583,183
585,324
586,693
588,997
589,139
593,639
596,491
597,469
597,583
598,396
598,258
599,621
600,514
600,380
604,289
607,517
610,713
610,274
615,130
616,287
617,279
619,464
620,730
623,181
623,215
624,639
624,93
628,9
629,626
630,451
630,786
631,773
632,384
632,427
634,951
635,285
636,532
645,813
648,602
649,685
651,656
652,665
655,89
658,358
659,664
659,886
661,218
662,901
662,253
664,98
666,451
666,786
667,512
668,29
668,685
669,680
669,509
670,101
670,315
671,368
672,198
672,972
675,110
675,761
676,802
676,26
677,820
678,281
681,91
683,101
684,971
685,872
686,259
687,267
690,370
690,349
691,955
692,818
692,36
693,491
693,981
694,961
695,169
696,404
696,187
697,776
698,95
700,781
700,643
701,357
701,148
702,517
704,173
705,421
706,402
707,434
707,89
708,918
710,667
711,605
712,967
712,489
715,677
717,296
718,514
718,380
719,538
719,328
722,382
723,726
725,514
725,933
726,820
727,482
727,324
731,727
731,496
732,729
733,808
735,880
735,240
736,496
737,888
738,741
739,240
740,693
741,333
742,458
743,802
745,614
746,110
746,761
747,809
748,866
748,851
749,822
750,538
750,328
751,3
753,458
754,91
755,104
756,937
757,703
758,108
760,456
762,649
763,514
763,933
764,642
766,109
767,451
767,786
770,282
771,656
772,511
777,146
779,253
780,404
784,271
787,447
788,922
790,141
790,455
791,315
793,46
795,752
797,556
797,358
803,151
804,668
804,997
805,961
806,744
807,474
808,595
810,307
810,530
811,677
812,621
814,357
814,148
815,613
815,579
816,413
817,15
818,191
825,6
825,346
826,53
827,592
828,404
828,187
829,730
830,480
832,248
833,489
834,92
836,424
837,633
839,281
840,822
841,639
841,93
844,982
845,688
846,781
846,643
847,61
848,294
849,824
850,746
850,724
852,147
853,285
854,40
855,580
856,173
857,653
859,282
859,942
861,943
864,228
865,667
865,362
866,517
867,165
868,727
868,496
870,746
870,724
871,918
873,649
874,656
875,416
877,230
877,301
878,556
878,358
881,253
884,100
885,947
887,324
888,249
889,667
890,313
890,104
891,997
892,370
893,937
894,474
895,967
895,489
896,200
897,551
899,536
901,800
902,110
902,761
903,901
903,253
904,151
905,996
906,675
906,40
907,241
907,602
908,982
909,61
910,818
910,36
911,971
912,324
913,881
915,622
917,487
917,570
923,61
923,279
925,287
926,357
926,148
927,469
927,583
928,668
928,997
929,191
930,229
931,108
931,169
932,89
936,677
936,519
937,92
939,440
939,633
940,307
941,146
944,73
945,61
945,279
947,509
948,643
949,945
950,380
951,230
951,301
952,389
952,729
953,30
954,888
955,434
957,232
957,535
958,534
960,649
961,613
963,68
963,822
964,193
966,232
968,181
968,215
969,93
970,70
970,546
971,551
973,994
973,926
976,773
977,378
977,403
979,686
984,471
985,95
985,647
986,30
986,541
987,221
987,568
989,393
990,12
991,813
991,157
992,215
993,514
998,659
998,192
