0,487
1,447
4,802
5,783
7,301
8,729
10,556
11,664
11,886
12,475
16,101
16,315
17,703
18,489
22,713
23,866
23,851
25,110
28,753
31,753
32,191
32,830
36,48
37,139
37,601
38,818
40,402
41,730
43,888
43,456
44,746
44,724
47,726
47,937
49,370
49,349
50,191
51,230
51,301
52,657
53,606
54,21
54,259
58,214
59,727
63,667
64,982
64,506
66,248
69,993
70,938
76,113
76,885
77,580
77,532
79,296
81,382
82,813
82,157
83,951
85,667
86,947
87,304
88,985
88,294
91,221
94,721
96,746
100,664
100,886
101,575
102,232
102,458
103,657
104,746
104,724
105,489
106,726
106,937
107,639
107,93
108,30
108,541
109,112
110,475
111,100
112,328
113,896
114,451
114,786
115,703
117,761
119,514
119,933
121,511
122,171
122,684
126,398
128,198
128,972
129,230
130,245
131,118
132,881
133,40
134,456
135,404
135,187
136,146
139,579
141,592
141,745
142,693
142,267
143,45
146,421
148,406
148,510
149,434
149,89
150,918
152,512
152,703
154,726
156,945
158,466
160,820
162,933
163,809
166,677
166,519
172,42
173,914
175,262
175,398
178,322
180,191
181,68
181,822
182,456
185,6
185,346
188,260
189,92
190,3
191,613
191,579
194,451
195,607
197,680
199,450
200,639
201,262
202,281
202,382
206,758
206,551
211,95
211,647
213,253
214,430
216,659
217,540
218,401
219,843
219,505
221,6
222,659
223,849
223,413
225,46
226,791
227,301
228,248
228,60
231,699
232,29
234,591
235,556
235,358
236,911
238,996
238,287
239,896
240,684
242,668
246,675
247,967
247,489
249,791
249,752
254,110
255,253
256,961
256,689
259,738
260,955
261,380
262,922
264,727
265,613
265,579
266,888
266,456
268,818
269,370
272,93
274,322
275,48
278,187
283,866
283,851
284,713
286,982
286,506
289,934
290,92
291,656
292,838
293,440
293,633
294,19
295,729
298,422
299,296
300,380
303,173
304,653
307,328
308,393
310,993
310,656
311,649
313,232
316,901
317,46
317,416
318,795
318,657
319,512
319,703
320,685
323,93
326,100
327,808
330,110
330,761
332,933
334,783
335,590
336,212
336,858
342,30
342,541
343,100
343,789
344,282
344,942
347,570
348,922
349,591
350,62
351,881
352,675
352,40
353,880
355,101
355,315
357,21
359,271
361,622
361,450
363,141
363,455
364,40
365,183
365,395
366,191
366,830
367,561
369,360
370,475
370,800
371,434
371,89
372,287
374,824
374,53
375,379
375,151
376,753
376,621
377,810
378,519
379,296
381,511
382,358
384,746
384,724
389,174
390,401
391,937
392,211
393,862
396,959
396,738
397,423
397,896
399,981
403,537
404,198
404,882
405,730
407,606
408,652
409,3
410,232
410,458
411,639
415,35
417,786
418,93
419,147
420,285
423,835
425,981
426,281
426,382
428,221
428,568
431,12
432,482
432,324
435,287
437,982
437,506
438,729
439,993
441,721
444,373
445,218
448,46
448,416
449,346
450,993
451,140
452,792
454,127
457,485
457,345
459,92
460,752
461,978
465,789
467,288
467,99
469,824
469,53
470,369
470,591
471,886
472,224
473,401
474,607
477,349
478,824
479,613
480,62
481,776
482,512
482,703
483,580
483,532
485,369
487,451
487,786
488,592
488,745
492,403
493,402
494,434
494,89
495,282
498,838
499,440
501,746
503,113
503,885
504,3
504,360
505,594
507,35
508,29
508,685
512,389
513,943
514,157
515,147
516,934
516,285
517,92
517,438
518,580
519,33
520,643
523,881
524,993
524,656
525,221
525,568
526,173
526,947
527,649
528,782
528,62
529,68
529,822
531,649
534,307
538,113
539,786
543,436
544,471
545,896
547,45
547,699
549,656
553,434
555,171
558,901
559,147
560,738
561,183
561,395
562,30
563,880
563,240
564,92
564,438
565,659
566,972
569,982
569,678
571,54
572,881
573,271
573,914
574,622
576,315
577,301
578,308
581,282
581,942
582,646
584,45
584,699
586,267
587,379
588,668
589,139
589,601
593,639
593,93
599,753
603,15
604,471
604,289
605,34
605,177
607,517
608,369
609,947
612,301
613,785
615,203
616,996
617,279
618,818
618,36
619,464
620,730
622,471
622,289
623,215
624,639
625,546
628,462
629,626
630,786
631,773
633,322
635,285
636,580
637,305
637,983
638,471
641,541
644,118
645,813
646,147
647,924
650,438
651,993
652,665
655,89
658,358
659,664
661,504
661,218
662,901
663,972
664,75
664,98
665,538
666,786
667,703
672,972
675,110
676,802
681,536
681,91
682,789
683,101
683,315
685,125
686,259
690,370
691,808
692,36
693,491
694,961
695,108
695,169
696,404
697,581
698,95
698,647
700,643
701,357
701,148
704,173
706,402
707,434
710,667
711,605
711,214
712,489
714,165
715,677
715,519
716,693
716,267
718,380
719,538
720,322
722,281
722,382
723,726
723,937
725,514
726,820
727,324
728,173
728,947
730,313
731,496
733,808
735,880
736,496
738,741
739,880
740,693
740,267
741,333
742,458
745,820
746,110
747,809
750,538
751,3
753,458
754,536
755,104
756,937
758,169
760,456
764,590
764,642
766,193
768,967
770,942
771,656
772,158
774,12
778,378
778,403
780,187
784,271
787,224
788,922
788,228
791,101
793,46
793,416
794,354
795,752
797,556
797,358
799,967
799,489
801,761
804,668
808,595
808,263
810,307
810,530
811,519
812,753
812,621
814,357
815,613
817,15
818,191
818,830
821,606
823,456
825,346
827,592
828,404
828,187
832,60
833,967
834,92
834,438
837,440
839,281
839,382
840,68
840,822
841,639
841,93
842,550
842,205
844,982
846,781
847,61
847,279
848,985
848,294
849,824
849,53
852,147
853,285
855,532
856,173
858,304
859,282
859,942
860,979
861,943
863,568
865,362
866,517
866,322
868,727
869,277
869,537
870,746
871,918
871,809
873,436
874,656
875,46
877,301
879,942
881,253
884,100
891,997
892,370
892,783
893,726
893,937
894,329
898,982
899,536
899,91
900,315
903,901
904,151
905,287
906,40
908,982
908,678
909,61
910,36
913,881
915,622
915,450
916,101
916,315
917,570
918,922
919,613
921,68
921,822
923,61
924,260
925,996
925,287
928,668
928,997
929,830
931,108
931,169
932,434
932,89
935,552
935,773
936,677
937,92
937,438
939,633
940,307
940,530
944,73
944,862
945,61
945,279
946,324
948,781
949,945
950,514
950,380
951,230
952,729
953,30
954,888
955,434
956,538
956,328
957,535
958,534
959,705
961,613
962,918
962,809
964,193
964,109
965,786
966,458
967,680
968,181
968,215
969,639
969,93
970,546
971,551
973,926
974,287
976,552
979,792
979,686
983,209
984,471
985,95
986,30
987,221
988,26
989,734
989,393
990,12
991,813
991,157
992,181
992,215
993,514
993,380
995,843
995,505
998,659
998,192
