0,570
2,642
3,862
5,370
8,389
8,729
10,556
10,358
11,664
12,475
12,800
14,622
14,450
16,315
17,512
17,703
18,489
19,35
20,104
22,713
22,274
23,866
25,110
28,621
29,654
29,442
31,753
31,621
32,191
32,830
36,696
38,818
39,808
41,260
41,730
43,888
44,724
47,937
48,487
49,349
51,301
52,795
52,657
55,581
56,253
58,605
58,214
63,667
63,362
64,506
69,993
70,938
71,786
74,181
76,113
76,885
77,580
78,781
78,643
80,307
80,530
83,147
84,285
85,667
87,304
94,940
95,959
96,746
101,354
102,232
103,657
104,746
104,724
105,967
106,937
107,93
108,30
109,112
110,800
112,538
112,328
113,249
114,451
115,703
116,29
120,746
121,511
122,171
129,301
130,540
130,245
133,675
134,888
135,404
135,187
137,678
138,689
139,613
139,579
141,745
142,693
142,267
144,61
145,315
146,421
148,406
148,510
149,89
153,36
154,726
154,937
156,945
158,466
160,820
160,614
162,514
162,933
163,918
164,996
164,287
166,677
166,519
167,753
167,621
168,430
168,653
171,429
173,271
176,582
182,888
184,937
186,462
188,730
190,360
191,613
191,579
195,607
196,29
196,685
197,680
197,509
199,450
200,639
200,93
201,262
204,639
207,627
208,179
208,33
211,95
213,253
214,653
216,659
216,192
218,401
218,626
219,843
219,505
221,6
222,192
223,413
224,802
224,26
226,791
228,248
228,60
231,699
232,685
233,659
237,100
237,789
239,249
240,684
242,997
243,370
244,124
245,824
249,791
251,639
251,93
252,329
254,110
254,761
255,901
255,253
256,961
256,689
257,937
258,112
260,955
260,808
261,514
264,727
264,496
266,888
268,818
268,36
269,349
272,93
273,191
273,830
274,322
275,696
276,818
280,693
280,267
283,866
283,851
284,274
286,982
288,685
289,934
289,285
292,80
292,838
293,633
294,19
297,532
299,945
300,514
302,482
302,324
306,68
307,538
307,328
308,734
309,753
309,621
310,993
310,656
311,436
314,664
314,886
316,901
316,253
317,46
319,512
320,685
321,967
321,489
322,519
323,639
323,93
325,232
325,458
326,100
326,789
327,955
331,901
332,514
332,933
333,469
333,583
335,590
336,212
340,153
341,566
342,30
343,789
344,942
348,922
350,782
350,62
351,24
352,675
353,240
357,21
361,622
363,141
364,40
365,183
365,395
366,191
367,660
367,561
369,3
369,360
370,475
371,434
371,89
372,996
373,765
374,53
376,753
376,621
378,677
379,945
379,296
381,511
381,158
382,556
383,959
383,738
384,746
386,820
387,172
388,794
388,15
390,401
391,937
392,161
393,73
396,959
397,423
400,830
403,277
404,198
405,260
407,744
408,652
409,3
409,360
410,232
411,639
414,437
415,35
415,688
417,451
418,639
420,934
420,285
421,517
421,322
425,981
426,281
430,739
431,12
431,118
432,324
433,826
435,996
437,506
439,656
441,721
445,504
448,416
449,346
451,140
452,792
453,229
454,127
457,485
459,438
460,791
461,978
463,556
464,469
464,583
467,288
467,99
468,370
468,783
469,53
470,369
470,591
471,664
472,224
472,447
473,401
473,626
474,607
476,761
477,349
478,824
478,53
479,613
479,579
481,776
482,703
483,580
485,591
488,745
492,403
494,434
494,89
495,282
497,485
499,633
500,281
501,724
502,157
504,3
504,360
507,35
511,985
511,294
512,389
513,168
514,813
515,951
516,285
520,781
520,643
521,296
522,979
523,881
524,993
524,656
525,221
528,782
528,62
529,68
529,822
531,649
531,436
533,656
534,307
538,113
539,451
542,179
543,436
544,471
544,289
545,896
547,45
547,699
548,685
550,885
553,434
554,118
555,171
557,403
558,901
559,951
560,959
561,183
562,30
562,541
563,240
565,659
569,982
569,678
571,796
571,54
572,881
572,24
576,101
577,230
577,301
578,308
578,409
581,282
581,942
582,646
582,826
583,183
585,482
586,693
588,997
589,139
589,601
596,491
596,981
597,469
600,514
604,289
609,173
609,947
610,713
610,274
611,709
611,333
612,301
615,203
615,130
617,61
617,279
618,36
620,260
622,471
622,289
623,181
624,639
625,546
629,401
631,552
631,773
632,427
634,951
635,285
636,532
637,983
638,471
641,30
644,118
645,813
646,951
647,153
647,924
648,602
649,29
650,92
650,438
651,993
652,999
652,665
653,959
655,89
656,124
658,556
658,358
661,218
662,253
663,972
664,75
665,328
666,451
666,786
667,512
667,703
668,29
670,101
670,315
674,474
674,329
675,110
676,26
677,614
678,281
679,783
682,100
683,315
684,971
685,872
686,21
691,955
692,818
693,491
694,689
696,187
697,581
698,95
698,647
700,643
701,357
701,148
704,947
705,421
706,402
708,918
708,809
710,362
711,214
712,967
712,489
714,810
717,945
717,296
718,380
720,517
722,382
723,937
725,933
726,820
727,482
727,324
728,947
730,313
730,104
731,727
731,496
736,496
739,240
740,693
740,267
741,333
742,232
742,458
743,802
745,820
745,614
746,110
746,761
748,866
748,851
750,538
753,232
753,458
754,91
756,726
756,937
757,512
758,108
758,169
760,888
762,436
763,933
764,642
766,193
766,109
767,786
768,967
769,29
769,685
771,993
771,656
772,511
777,146
778,378
778,403
779,253
780,404
781,393
784,271
784,914
787,224
787,447
788,922
793,416
795,752
798,3
799,967
801,110
801,761
803,151
805,961
806,606
806,744
807,474
807,329
810,530
812,621
814,357
816,849
816,413
817,15
818,830
821,606
821,744
823,456
825,6
826,53
827,592
829,260
830,2
832,248
832,60
833,967
836,640
837,440
840,822
841,93
842,550
844,982
844,506
847,279
848,985
849,824
850,724
852,147
854,675
854,40
855,580
855,532
856,173
857,653
859,942
860,979
860,27
861,943
863,221
864,922
864,228
865,362
866,517
866,322
868,496
869,537
873,649
873,436
874,656
876,791
876,752
877,230
877,301
878,556
879,282
881,253
883,551
885,947
887,324
888,249
888,896
889,667
889,362
891,668
892,370
892,783
893,726
893,937
894,329
895,489
896,200
897,758
898,982
899,91
900,315
901,475
901,800
902,110
902,761
903,253
906,675
908,982
908,678
909,279
910,36
911,971
913,24
915,450
916,315
917,570
919,613
921,68
923,61
924,260
924,730
926,148
927,469
927,583
928,668
929,830
930,229
931,108
932,89
935,773
936,677
937,92
939,440
944,862
945,279
946,482
947,680
947,509
948,781
949,945
950,514
951,230
952,389
952,729
953,30
955,434
957,232
958,534
960,649
961,579
962,918
963,68
963,822
964,193
965,451
965,786
966,232
966,458
967,680
967,509
971,551
975,398
976,773
977,378
979,792
980,765
980,112
985,647
987,221
987,568
988,802
988,26
989,734
990,12
991,157
992,215
993,514
995,843
998,659
