0,487
1,224
2,590
5,370
5,783
7,301
8,729
9,308
9,409
11,886
14,450
16,101
16,315
18,967
20,313
25,110
28,621
29,442
31,753
32,191
32,830
36,48
39,955
41,730
43,456
44,724
45,591
46,289
47,937
48,487
49,349
51,301
52,795
53,606
55,776
56,901
57,947
58,605
58,214
59,727
59,496
64,982
65,35
65,688
67,289
70,938
73,90
74,181
75,443
76,885
78,781
79,296
81,281
82,813
82,157
84,285
85,667
86,173
88,985
91,221
91,568
92,68
92,822
96,746
96,724
100,664
102,458
103,795
103,657
105,967
106,726
107,639
108,30
108,541
109,765
109,112
110,475
110,800
111,100
111,789
113,249
114,451
115,512
116,29
116,685
117,761
119,933
120,724
122,171
126,398
128,198
129,230
130,245
131,118
132,24
136,146
137,982
137,678
138,689
141,745
142,267
143,45
143,699
146,421
149,434
152,703
154,726
156,945
156,296
159,118
160,614
162,933
163,918
166,519
167,753
172,42
172,394
173,271
176,582
178,322
180,830
181,68
181,822
184,726
186,9
187,447
188,260
188,730
189,92
189,438
191,613
191,579
194,451
195,607
196,29
197,680
197,509
199,622
200,93
202,382
203,282
203,942
204,639
204,93
207,627
208,33
211,95
211,647
213,253
214,653
217,245
218,626
221,6
222,659
222,192
223,413
224,26
225,46
225,416
226,791
227,230
227,301
228,248
231,45
232,29
232,685
233,659
234,369
234,591
235,358
237,100
237,789
239,249
241,888
241,456
242,997
244,124
246,40
247,967
247,489
249,791
249,752
250,124
255,901
256,961
259,959
259,738
260,955
260,808
261,514
261,380
262,922
264,496
265,613
266,888
267,469
267,583
268,818
269,370
270,3
272,639
273,191
274,517
274,322
275,48
276,818
276,36
278,187
280,267
282,726
283,851
284,274
286,982
286,506
288,29
289,934
289,285
290,438
292,838
293,440
294,372
297,580
298,422
299,945
300,380
304,430
305,368
306,68
307,328
308,393
309,621
310,993
310,656
311,436
312,579
313,232
317,46
319,512
319,703
320,29
320,685
323,93
325,458
326,100
326,789
328,450
330,761
331,901
331,253
332,514
333,583
335,642
336,858
337,187
339,583
341,220
341,566
342,30
342,541
343,100
343,789
344,282
344,942
347,487
347,570
348,922
349,591
351,24
352,40
353,880
353,240
356,389
357,21
359,271
361,450
363,455
365,183
366,191
367,660
367,561
368,172
369,360
370,800
371,89
374,824
377,810
377,165
378,677
379,945
381,511
383,959
384,746
384,724
385,514
386,614
387,383
387,172
388,794
388,15
389,174
390,401
390,626
391,937
392,211
392,161
393,862
396,959
396,738
397,423
397,896
399,491
403,537
404,198
404,882
407,606
407,744
409,3
409,360
412,113
417,451
417,786
419,147
420,285
421,517
421,322
425,491
425,981
426,281
426,382
428,221
428,568
431,118
432,482
434,279
437,982
439,993
439,656
444,594
444,373
446,271
446,914
448,46
449,346
450,993
451,140
451,920
452,686
453,229
453,629
454,127
457,485
459,438
460,791
463,556
463,358
464,583
465,100
467,99
468,370
470,369
470,591
471,664
472,447
473,401
477,370
478,824
479,613
480,62
481,581
482,512
483,580
483,532
485,591
487,451
487,786
490,306
494,434
497,345
499,440
500,281
501,746
504,3
504,360
505,594
507,35
507,688
508,29
508,685
513,168
513,943
514,157
515,147
516,934
516,285
518,580
519,179
520,781
520,643
521,945
521,296
522,979
524,656
525,221
526,947
527,649
527,436
528,62
532,629
533,656
534,307
538,113
539,451
539,786
542,33
543,436
544,289
547,45
548,685
550,113
550,885
553,434
553,89
554,12
555,684
557,403
558,253
559,951
560,738
561,183
561,395
562,30
563,240
564,92
565,659
565,192
566,198
567,734
569,678
571,796
571,54
573,271
573,914
574,622
574,450
576,101
577,301
578,308
579,486
581,942
584,699
585,324
593,93
596,491
598,396
599,621
600,514
603,794
603,15
604,471
604,289
605,34
605,177
607,517
607,322
608,369
609,947
610,713
611,333
612,230
613,785
615,130
617,61
617,279
618,818
618,36
620,260
620,730
623,181
623,215
624,639
628,9
629,401
630,451
632,384
633,517
634,951
635,285
636,580
636,532
637,305
638,289
645,157
646,951
647,153
647,924
648,241
650,438
651,656
652,999
652,665
653,959
653,738
655,434
656,124
658,556
659,664
659,886
662,901
662,253
665,328
666,451
666,786
667,512
668,685
670,315
672,972
673,789
676,26
677,820
678,281
679,783
681,536
681,91
682,789
683,101
685,125
687,693
687,267
692,818
692,36
693,491
693,981
694,961
695,108
695,169
696,187
697,581
697,776
698,95
700,781
701,357
701,148
702,322
704,173
704,947
707,434
707,89
711,605
714,165
715,677
716,693
716,267
717,945
717,296
718,514
718,380
719,328
720,517
722,281
723,726
723,937
725,933
726,614
727,324
728,947
731,727
732,389
732,729
733,808
735,240
736,727
736,496
737,456
738,741
739,240
740,693
741,709
742,232
743,26
746,110
746,761
747,918
748,851
750,328
751,360
753,232
755,313
756,937
759,444
762,649
763,514
763,933
764,590
764,642
766,193
767,451
768,967
770,282
770,942
772,158
774,12
774,118
775,70
778,378
778,403
779,253
780,187
787,224
787,447
791,101
793,46
794,354
795,752
797,556
797,358
798,3
799,967
799,489
803,379
804,668
806,606
806,744
808,263
809,978
811,519
812,753
812,621
814,357
815,579
816,849
816,413
817,794
817,15
818,191
818,830
819,206
821,606
821,744
823,888
823,456
825,6
826,824
827,592
827,745
828,404
829,730
830,2
831,796
831,54
832,60
833,967
833,489
834,438
836,424
837,633
839,382
840,822
841,93
842,205
845,688
847,61
847,279
848,985
848,294
849,824
849,53
850,746
850,724
852,147
853,285
854,675
854,40
855,532
856,173
856,947
857,430
858,304
859,942
863,568
864,922
864,228
865,667
866,322
867,810
869,537
871,809
873,436
874,656
875,46
875,416
877,230
878,556
878,358
879,942
881,901
883,758
884,100
885,173
888,249
889,362
890,104
891,668
891,997
893,937
895,489
897,758
897,551
898,506
899,536
899,91
900,315
901,800
902,761
903,901
905,996
905,287
906,675
906,40
907,241
908,982
909,61
910,818
911,971
912,324
913,881
915,622
915,450
916,101
919,579
921,822
923,279
924,260
926,357
926,148
927,583
932,434
935,773
936,519
937,92
939,633
940,530
944,73
945,61
947,680
947,509
948,781
949,945
949,296
950,514
951,230
951,301
952,729
953,541
954,456
955,434
956,328
958,534
959,705
960,436
962,918
962,809
963,68
963,822
964,193
964,109
966,458
967,680
968,181
968,215
969,639
969,93
970,70
970,546
971,758
971,551
973,994
975,398
976,552
977,378
979,792
980,765
984,471
984,289
985,95
985,647
986,541
987,221
990,12
991,813
992,215
995,843
998,659
998,192
