0,487
1,224
2,642
3,73
4,26
5,370
5,783
7,301
9,409
10,358
11,886
12,800
14,622
14,450
16,101
16,315
17,512
18,967
18,489
19,35
19,688
22,274
23,866
25,761
28,753
28,621
31,621
36,48
37,601
39,955
39,808
40,402
41,260
43,888
43,456
46,289
47,726
47,937
48,487
48,570
49,370
49,349
51,301
52,795
52,657
53,744
55,581
56,253
58,605
58,214
59,496
63,667
64,506
66,248
67,471
69,993
71,451
73,90
73,170
74,181
75,443
77,580
78,781
78,643
79,945
81,281
81,382
83,147
83,951
84,285
85,667
88,985
92,68
94,940
96,724
101,354
102,232
103,795
104,746
105,967
105,489
106,937
107,639
108,30
108,541
109,112
110,800
112,328
113,896
114,451
116,685
119,514
119,933
120,724
121,511
121,158
122,684
123,783
126,262
128,198
128,972
130,540
130,245
131,12
132,24
133,675
133,40
135,404
135,187
137,982
137,678
138,961
143,45
144,61
145,101
145,315
149,89
152,703
154,726
155,203
156,945
158,466
159,12
159,118
160,614
164,996
166,519
167,753
168,430
171,429
172,42
175,262
175,398
176,13
176,582
178,517
178,322
181,68
181,822
184,726
185,6
186,462
189,92
190,3
190,360
191,613
194,451
195,607
196,685
197,509
199,450
200,93
201,262
202,281
204,639
204,93
207,437
208,179
208,33
210,12
211,95
213,253
216,192
218,401
218,626
219,843
219,505
221,346
222,659
223,413
224,802
224,26
225,46
225,416
226,791
228,60
232,685
233,659
233,192
234,369
235,556
236,911
237,100
237,789
238,287
239,249
239,896
241,888
241,456
242,668
244,124
246,675
246,40
247,967
247,489
250,124
251,639
251,93
254,761
255,253
256,961
257,726
257,937
258,112
259,959
260,955
260,808
261,514
265,613
266,888
268,36
269,349
270,3
272,639
278,187
283,866
286,982
288,29
289,934
291,656
293,633
294,372
295,389
295,729
297,580
298,422
302,482
302,324
303,173
303,947
304,430
305,338
306,68
307,328
308,734
308,393
309,753
309,621
310,993
311,436
312,613
312,579
313,458
314,886
317,416
318,795
318,657
320,29
320,685
321,967
325,232
326,100
327,955
327,808
328,622
328,450
331,901
331,253
332,514
332,933
334,370
334,783
335,590
335,642
337,404
339,469
339,583
340,153
341,220
342,30
342,541
344,942
347,570
349,591
351,881
352,675
352,40
353,240
356,389
359,271
361,450
363,141
364,675
367,561
368,383
368,172
369,3
369,360
370,800
371,434
371,89
373,112
374,824
375,379
376,621
377,165
378,519
381,158
382,358
383,959
385,514
385,933
386,820
386,614
387,383
388,15
389,174
390,626
391,937
392,211
392,161
393,862
397,423
397,896
399,491
399,981
400,830
403,277
403,537
404,198
404,882
408,652
409,360
412,113
414,627
417,786
418,639
419,147
419,951
420,934
421,517
424,719
424,938
426,281
428,221
428,568
430,739
431,118
432,482
432,324
434,61
435,996
435,287
437,982
438,389
439,656
441,721
441,940
444,594
444,373
446,271
446,914
448,46
448,416
449,6
450,993
452,792
453,629
454,127
454,631
459,438
460,752
463,556
464,469
464,583
465,100
467,99
468,370
469,824
470,369
471,664
471,886
472,224
473,401
476,761
477,349
479,579
480,782
480,62
483,580
484,181
484,215
485,369
487,451
487,786
488,592
488,745
492,378
492,403
493,402
494,434
494,89
495,282
497,345
498,838
499,440
500,281
500,382
501,746
502,157
503,885
504,3
508,29
508,685
511,985
511,294
512,389
513,168
515,951
516,934
516,285
517,92
519,179
519,33
521,296
523,24
524,993
524,656
525,221
525,568
528,62
529,68
529,822
532,229
532,629
534,530
538,885
542,33
543,436
545,896
547,699
548,29
548,685
549,993
549,656
550,113
554,12
554,118
557,403
558,901
558,253
559,951
560,959
560,738
561,183
562,541
563,880
564,92
564,438
565,659
565,192
566,198
569,982
571,54
572,881
573,271
576,101
577,301
579,437
581,282
583,395
584,45
585,482
586,693
587,379
587,151
589,139
589,601
593,93
596,981
597,469
598,396
599,753
600,514
603,15
604,471
604,289
605,34
608,369
612,301
613,449
613,785
615,203
615,130
616,996
616,287
618,818
618,36
620,730
622,289
623,181
623,215
624,639
625,70
628,9
629,401
630,451
631,773
632,384
632,427
633,322
634,147
634,951
635,934
636,580
636,532
637,983
638,471
641,30
644,12
644,118
647,924
648,602
649,29
649,685
650,438
651,993
651,656
652,665
653,738
655,434
656,124
658,358
659,664
662,901
663,198
665,538
665,328
666,786
667,703
668,685
669,509
670,101
671,368
671,338
673,100
674,329
675,761
676,26
677,614
679,783
681,91
684,971
685,125
685,872
686,21
686,259
687,693
690,370
691,808
694,961
694,689
696,404
696,187
697,776
698,95
698,647
700,643
701,357
702,322
704,947
706,402
707,434
707,89
708,809
710,667
710,362
711,605
711,214
712,489
714,810
715,677
716,693
717,945
717,296
718,380
719,538
720,517
722,382
723,726
723,937
725,514
726,820
727,324
728,947
730,313
730,104
731,727
732,389
732,729
735,880
736,496
737,888
740,267
741,333
743,802
743,26
746,761
747,918
747,809
748,866
750,538
750,328
751,3
753,232
753,458
756,726
757,512
757,703
758,108
759,444
760,888
762,649
763,514
764,590
766,109
767,786
769,29
770,282
771,656
772,511
774,12
775,70
775,546
777,146
778,403
779,253
780,404
780,187
787,447
788,228
791,315
794,354
795,791
795,752
797,556
797,358
799,967
799,489
804,668
804,997
805,689
806,606
806,744
808,595
809,978
809,695
811,519
812,621
814,357
814,148
815,613
816,413
818,191
821,744
823,888
825,6
825,346
826,53
827,592
827,745
828,187
830,480
830,2
831,796
831,54
832,248
832,60
833,489
834,92
836,640
836,424
837,440
837,633
839,382
840,822
841,639
841,93
844,982
845,35
846,643
847,61
849,53
852,147
852,951
854,675
854,40
856,173
856,947
859,942
861,168
863,221
864,228
865,667
866,322
867,810
871,809
873,649
873,436
876,752
878,358
881,901
881,253
883,551
884,100
885,173
885,947
887,482
887,324
888,249
890,313
892,370
894,474
894,329
895,967
895,489
897,758
898,506
899,91
900,101
900,315
901,475
901,800
902,761
903,901
903,253
904,379
904,151
905,996
906,675
906,40
907,241
907,602
908,982
909,61
911,971
912,324
913,881
913,24
915,450
916,101
916,315
917,487
918,922
924,260
925,287
930,229
930,629
931,108
931,169
932,89
935,552
936,677
936,519
937,92
937,438
939,440
940,530
941,146
944,73
945,61
946,324
949,945
950,514
950,380
953,541
954,888
955,434
955,89
958,534
961,613
962,809
963,68
963,822
967,509
968,215
970,70
971,758
973,926
974,996
974,287
975,262
975,398
976,773
977,378
979,792
980,765
980,112
983,209
984,471
984,289
987,221
987,568
988,26
989,393
990,118
991,813
992,181
992,215
998,659
998,192
