1,224
1,447
2,590
3,73
3,862
4,802
4,26
7,230
7,301
8,389
8,729
9,308
10,556
12,475
16,315
17,512
17,703
18,967
20,313
22,713
23,866
23,851
29,442
31,621
32,830
36,696
36,48
37,139
38,36
39,955
39,808
40,402
41,730
43,888
43,456
45,591
46,471
46,289
48,487
48,570
50,191
51,301
52,657
53,744
54,259
55,776
56,253
57,947
58,605
58,214
59,496
64,982
65,35
66,248
66,60
67,289
69,656
70,719
70,938
71,451
71,786
73,170
74,215
75,97
76,113
77,580
78,781
79,945
80,307
80,530
81,281
81,382
82,813
82,157
83,147
83,951
85,667
86,173
88,294
92,68
94,721
94,940
96,746
100,886
102,232
102,458
103,657
104,746
105,967
105,489
107,639
107,93
108,30
111,789
113,249
113,896
114,786
115,512
116,685
117,110
119,514
119,933
120,746
120,724
121,511
121,158
122,171
122,684
130,540
130,245
131,12
132,24
133,40
137,678
138,689
141,745
145,101
146,421
150,809
152,512
152,703
153,818
153,36
154,726
155,203
155,130
156,296
158,466
159,12
159,118
162,514
162,933
163,918
163,809
167,753
168,653
171,429
172,394
175,398
176,582
178,517
178,322
180,830
181,68
182,456
184,937
185,346
186,462
187,447
188,730
191,579
194,451
195,935
195,607
196,685
197,680
199,450
200,639
200,93
201,262
203,942
204,639
204,93
206,551
207,437
207,627
210,12
211,647
214,430
216,192
217,245
218,626
219,843
221,346
222,192
223,849
224,26
225,46
225,416
226,791
227,301
228,248
228,60
231,45
231,699
233,659
235,556
235,358
236,911
238,996
238,287
239,896
240,684
241,888
244,124
245,824
245,53
246,40
247,967
247,489
249,791
251,93
254,110
255,901
256,961
256,689
259,959
260,955
261,380
262,228
264,496
266,456
268,818
269,370
270,3
270,360
273,191
273,830
274,517
275,696
275,48
276,818
278,404
280,693
282,726
282,937
284,713
284,274
286,982
286,506
288,29
288,685
289,934
289,285
291,993
292,838
293,440
295,729
298,989
300,380
302,482
302,324
306,822
307,538
308,734
309,753
309,621
310,656
311,436
312,579
313,232
313,458
314,886
316,901
317,46
317,416
318,657
319,512
319,703
320,29
320,685
321,967
321,489
323,93
326,100
327,955
327,808
328,622
328,450
331,901
331,253
332,514
333,583
334,370
334,783
335,642
336,212
336,858
337,404
337,187
339,469
340,924
341,220
341,566
343,100
343,789
348,922
350,782
350,62
352,40
355,315
356,389
357,259
361,450
364,40
365,183
365,395
366,191
366,830
367,660
368,383
368,172
369,3
369,360
370,800
371,434
372,287
373,765
373,112
375,151
376,753
377,810
377,165
378,677
379,945
381,511
381,158
382,556
382,358
383,738
384,724
385,514
385,933
386,820
387,172
388,15
390,401
391,937
392,211
397,423
397,896
399,491
399,981
403,277
403,537
404,198
404,882
405,260
405,730
407,606
408,652
409,3
409,360
410,458
411,93
412,885
414,627
415,35
415,688
417,451
418,93
420,285
423,835
424,719
424,938
425,491
425,981
432,482
432,324
433,646
433,826
435,287
437,982
438,389
439,656
441,721
444,594
448,416
449,346
450,656
451,140
451,920
452,686
454,127
454,631
457,485
457,345
459,92
459,438
460,791
463,556
463,358
464,469
464,583
467,99
468,783
471,886
473,401
474,935
474,607
476,110
477,349
478,824
479,579
480,782
480,62
481,776
482,512
482,703
483,580
483,532
484,215
485,369
487,451
487,786
493,402
494,434
495,282
495,942
499,633
501,724
502,157
504,360
505,373
507,35
507,688
508,685
511,985
512,729
513,168
513,943
514,157
515,951
516,934
517,92
517,438
518,532
519,179
519,33
520,643
521,945
521,296
522,27
523,24
524,993
524,656
525,568
526,947
528,782
529,68
531,649
531,436
532,629
533,656
538,113
538,885
542,179
542,33
543,649
543,436
544,471
544,289
545,423
545,896
547,699
548,29
548,685
549,993
550,113
550,885
553,89
555,171
555,684
557,378
557,403
558,901
559,147
559,951
561,183
561,395
562,541
563,880
564,92
564,438
565,659
565,192
567,734
569,982
569,678
571,796
573,271
573,914
577,230
579,486
581,282
581,942
582,826
584,45
585,482
585,324
586,693
588,997
589,139
593,93
596,491
597,469
597,583
598,396
600,514
600,380
603,794
603,15
605,34
607,322
608,369
609,947
610,274
611,709
612,301
615,203
615,130
616,996
616,287
617,61
617,279
618,36
619,464
622,471
624,639
625,70
625,546
628,462
628,9
629,401
629,626
630,451
631,773
632,384
632,427
633,517
633,322
634,951
635,285
636,580
637,305
637,983
638,471
645,813
645,157
646,147
648,241
648,602
649,685
650,92
650,438
651,993
651,656
656,124
658,358
661,218
662,901
663,198
663,972
664,98
665,328
666,786
669,509
670,315
671,338
672,198
674,474
675,110
675,761
677,820
678,281
679,370
679,783
682,100
683,101
683,315
684,971
685,872
686,21
690,370
691,955
692,818
694,961
695,108
696,404
697,581
698,95
698,647
700,643
702,517
702,322
705,421
706,402
707,434
707,89
708,809
710,362
711,605
712,967
715,519
716,693
717,296
718,380
719,328
720,517
722,382
723,937
725,933
727,482
727,324
730,313
731,727
731,496
732,389
733,808
735,880
736,496
738,741
741,333
743,802
743,26
745,614
746,110
748,866
749,68
751,360
753,232
754,536
755,313
755,104
756,937
757,512
757,703
758,108
758,169
759,444
760,456
762,436
763,514
763,933
764,642
766,193
767,451
768,967
768,489
769,29
770,282
770,942
771,993
771,656
774,12
775,546
777,146
778,403
779,901
780,404
780,187
781,393
784,271
787,447
788,228
790,455
791,315
793,46
793,416
794,354
797,358
798,3
798,360
801,110
801,761
803,151
807,474
808,263
809,978
810,307
811,677
811,519
812,753
817,15
818,191
818,830
821,744
823,456
825,346
826,824
827,592
829,260
832,60
834,92
836,640
836,424
837,633
840,68
841,639
841,93
844,506
846,643
847,279
848,985
848,294
849,824
849,53
850,746
853,285
854,675
854,40
855,580
855,532
856,173
856,947
857,653
861,943
863,221
863,568
865,362
866,517
867,810
868,727
869,277
869,537
871,809
873,649
874,656
875,416
876,752
877,301
878,358
881,901
881,253
883,758
883,551
884,100
884,789
885,947
887,482
887,324
889,667
889,362
890,313
890,104
891,668
891,997
892,370
893,726
894,474
894,329
895,967
895,489
896,200
898,982
900,315
901,800
902,110
902,761
903,253
905,996
905,287
906,40
907,602
909,61
909,279
910,818
911,971
912,482
912,324
916,101
919,579
921,822
923,61
923,279
924,260
924,730
925,996
925,287
926,357
926,148
927,469
928,668
929,191
929,830
931,108
931,169
932,89
937,438
939,440
944,73
944,862
945,61
945,279
946,482
947,509
948,781
948,643
949,945
950,380
951,301
953,30
954,888
955,434
955,89
956,538
956,328
957,232
957,535
959,705
960,649
961,613
962,918
962,809
965,451
966,232
969,639
969,93
970,546
971,551
974,996
974,287
975,262
975,398
976,552
977,378
979,686
980,765
980,112
983,209
984,471
985,647
986,541
987,568
988,802
988,26
989,734
989,393
990,12
990,118
992,215
993,514
993,380
995,843
998,659
998,192
